# oST version 5.0 parameters


[image]

width
1264

height
800

[narrow_stereo/left]

camera matrix
800.167979 0.000000 612.277059
0.000000 798.017399 396.654483
0.000000 0.000000 1.000000

distortion
-0.038704 -0.006008 -0.001264 -0.003141 0.000000

rectification
0.999888 -0.000309 0.014969
0.000228 0.999985 0.005458
-0.014970 -0.005454 0.999873

projection
817.488589 0.000000 597.829956 0.000000
0.000000 817.488589 384.999393 0.000000
0.000000 0.000000 1.000000 0.000000
# oST version 5.0 parameters


[image]

width
1264

height
800

[narrow_stereo/right]

camera matrix
805.838428 0.000000 623.017723
0.000000 803.660532 380.290965
0.000000 0.000000 1.000000

distortion
-0.060813 0.057384 -0.004806 -0.005116 0.000000

rectification
0.999998 0.000960 0.001800
-0.000950 0.999985 -0.005457
-0.001805 0.005456 0.999983

projection
817.488589 0.000000 597.829956 65.819436
0.000000 817.488589 384.999393 0.000000
0.000000 0.000000 1.000000 0.000000
