# oST version 5.0 parameters


[image]

width
632

height
400

[narrow_stereo/left]

camera matrix
427.013410 0.000000 311.093751
0.000000 427.842062 207.911789
0.000000 0.000000 1.000000

distortion
-0.006649 -0.036513 0.000879 -0.001781 0.000000

rectification
0.999999 -0.000067 -0.001130
0.000068 0.999999 0.001224
0.001130 -0.001224 0.999999

projection
432.626327 0.000000 316.299286 0.000000
0.000000 432.626327 206.756165 0.000000
0.000000 0.000000 1.000000 0.000000
# oST version 5.0 parameters


[image]

width
632

height
400

[narrow_stereo/right]

camera matrix
428.515213 0.000000 315.178311
0.000000 428.318581 202.935965
0.000000 0.000000 1.000000

distortion
-0.003946 -0.051100 0.001996 -0.001918 0.000000

rectification
0.999894 -0.000641 -0.014512
0.000623 0.999999 -0.001229
0.014513 0.001220 0.999894

projection
432.626327 0.000000 316.299286 35.112660
0.000000 432.626327 206.756165 0.000000
0.000000 0.000000 1.000000 0.000000
