image_width: 632
image_height: 400
camera_name: narrow_stereo/right
camera_matrix:
  rows: 3
  cols: 3
  data: [428.51521,   0.     , 315.17831,
           0.     , 428.31858, 202.93596,
           0.     ,   0.     ,   1.     ]
distortion_model: plumb_bob
distortion_coefficients:
  rows: 1
  cols: 5
  data: [-0.003946, -0.051100, 0.001996, -0.001918, 0.000000]
rectification_matrix:
  rows: 3
  cols: 3
  data: [ 0.99989449, -0.00064095, -0.01451185,
          0.00062318,  0.99999905, -0.00122899,
          0.01451263,  0.00121982,  0.99989394]
projection_matrix:
  rows: 3
  cols: 4
  data: [432.62633,   0.     , 316.29929,  35.11266,
           0.     , 432.62633, 206.75616,   0.     ,
           0.     ,   0.     ,   1.     ,   0.     ]
