image_width: 1264
image_height: 800
camera_name: narrow_stereo/left
camera_matrix:
  rows: 3
  cols: 3
  data: [831.49484,   0.     , 604.83268,
           0.     , 831.43496, 425.91763,
           0.     ,   0.     ,   1.     ]
distortion_model: plumb_bob
distortion_coefficients:
  rows: 1
  cols: 5
  data: [-0.024365, -0.024497, 0.002470, -0.000869, 0.000000]
rectification_matrix:
  rows: 3
  cols: 3
  data: [ 0.99915623,  0.00366447,  0.04090728,
         -0.00387396,  0.99997978,  0.00504316,
         -0.04088797, -0.00519738,  0.99915022]
projection_matrix:
  rows: 3
  cols: 4
  data: [858.86945,   0.     , 555.67165,   0.     ,
           0.     , 858.86945, 420.85572,   0.     ,
           0.     ,   0.     ,   1.     ,   0.     ]
binning_x: 1
binning_y: 1
roi: 
  x_offset: 0
  y_offset: 0
  height: 0
  width: 0
  do_rectify: True
